  20191754        16     826.5     71.75
  20192298        14     667.5      57.5
  20193012        14    669.25      59.5
  20193373        14    864.75      62.5
  20193490        16     846.5     69.75
  20193573         9       493      35.5
  20193769        22      1176    102.75
  20193891        13    754.25     52.75
  20193984        10    393.25     44.75
  20194050        18       976        82
  20195244        12       665        53
  20195340        14    754.75      62.5
  20195764        14    585.25        62
  20195979        15   1053.25      74.5
  20196245        17    1024.5     77.75
  20196536        10     555.5     41.25
  20197155         9    493.75     41.25
  20197374         7    430.25      32.5
  20197378        17       979     73.25
  20197557        13    638.75     57.25
  20198069        14     652.5      58.5
  20198434        16   1017.75        66
  20198608        15       814        62
  20198845        13    743.25     56.25
  20198922        18   1073.25      81.5
  20202031        11    638.75      48.5
  20202687        15    867.25      64.5
  20205830        13       722        54
  20205844        15    928.75        69
  20205864        10     646.5      46.5
  20207053        15    796.75     71.75
  20207741        11    675.75     49.25
  20208175        15       834      65.5
  20208940        13     719.5      60.5
  20208971        13       725     55.25
  20209968         9    500.75     44.75
  20211892        15       762     62.75
  20212697        14    657.25        57
  20213075        16     851.5        71
  20215248        13    709.75     62.25
  20216619        13    813.25     60.75
  20217328        11       618     51.75
  20218376        16       986      74.5
  20218679        17     978.5        75
  20219566        22   1281.75      98.5
  20219990         9       544     41.25
  20221873        12       740        59
  20222575        19    1048.5      84.5
  20224165        14       716     64.75
  20224223         5     372.5      22.5
  20226271        16    871.25     71.75
  20226455        15       674        69
  20227724        16     778.5     69.75
  20229272        18      1177      79.5
  20231152         8    372.25      35.5
  20231938        18    916.25        79
  20233583        16       976     77.75
  20233816        14    822.75     63.75
  20235440        16     980.5      70.5
  20236102        11       700     52.25
  20236453        16     975.5     74.25
  20236905        11    691.25     49.25
  20237059        10     540.5        46
  20238246        11     631.5      48.5
  20238549        12       752        56
  20239652        15     910.5      70.5
